0 1 1
1 0 1
0 2 1
2 0 1
1 2 1
2 1 1
3 4 1
4 3 1
3 5 1
5 3 1
4 5 1
5 4 1
6 7 1
7 6 1
6 8 1
8 6 1
7 8 1
8 7 1
9 10 1
10 9 1
9 11 1
11 9 1
10 11 1
11 10 1
12 13 1
13 12 1
12 14 1
14 12 1
13 14 1
14 13 1
15 16 1
16 15 1
15 17 1
17 15 1
16 17 1
17 16 1
18 19 1
19 18 1
18 20 1
20 18 1
19 20 1
20 19 1
21 22 1
22 21 1
21 23 1
23 21 1
22 23 1
23 22 1
24 25 1
25 24 1
24 26 1
26 24 1
25 26 1
26 25 1
1 3 1
3 1 1
2 6 1
6 2 1
5 7 1
7 5 1
10 12 1
12 10 1
11 15 1
15 11 1
14 16 1
16 14 1
19 21 1
21 19 1
20 24 1
24 20 1
23 25 1
25 23 1
4 9 1
9 4 1
8 18 1
18 8 1
17 22 1
22 17 1
