0 60
0 26
0 225
0 231
0 136
0 142
0 51
0 64
0 98
0 239
0 159
0 144
0 57
0 212
0 31
0 3
0 5
0 36
0 48
0 110
0 129
0 133
0 137
0 207
0 221
0 236
0 22
1 47
1 187
1 38
1 58
1 160
1 80
1 132
1 103
1 33
1 29
1 168
1 27
1 117
1 31
1 145
1 201
1 40
1 62
1 72
1 90
1 181
2 239
2 9
2 208
2 60
2 162
2 98
2 140
2 82
2 77
2 229
2 99
2 89
2 105
2 86
2 3
2 43
2 48
2 50
2 59
2 92
2 129
2 134
2 141
2 142
2 146
2 207
2 215
2 236
3 146
3 98
3 129
3 170
3 190
3 210
3 124
3 92
3 144
3 32
3 59
3 74
3 95
3 199
3 150
3 63
3 137
3 64
3 93
3 185
3 73
3 231
3 175
3 151
3 133
3 47
3 203
3 215
3 82
3 218
3 52
3 101
3 149
3 238
3 234
3 223
3 224
3 42
3 81
3 10
3 139
3 158
3 5
3 161
3 213
3 189
3 88
3 15
3 67
3 172
3 104
3 45
3 220
3 179
3 232
3 127
3 134
3 195
3 6
3 237
3 201
3 241
3 122
3 147
3 156
3 121
3 48
3 66
3 230
3 89
3 216
3 142
3 155
3 3
3 140
3 56
3 105
3 131
3 111
3 219
3 208
3 242
3 184
3 94
3 171
3 198
3 36
3 77
3 115
3 51
3 197
3 225
3 236
3 118
3 119
3 154
3 57
3 193
3 222
3 9
3 196
3 53
3 173
3 200
3 233
3 41
3 206
3 17
3 212
3 68
3 221
3 176
3 191
3 112
3 126
3 35
3 148
3 145
3 44
3 123
3 79
3 30
3 25
3 108
3 11
3 245
3 239
3 167
3 50
3 141
3 159
3 87
3 49
3 26
3 163
3 246
3 157
3 100
3 226
3 143
3 207
3 229
3 60
3 164
3 187
3 99
3 162
3 85
3 97
3 214
3 120
3 114
3 107
3 75
3 62
3 125
3 71
3 18
3 165
3 174
3 84
3 86
3 55
3 34
3 204
3 186
3 217
4 201
4 171
4 4
4 239
4 185
4 10
4 241
4 157
4 162
4 119
4 83
4 26
4 49
4 56
4 95
4 98
4 112
4 137
4 218
4 236
4 21
4 117
5 213
5 137
5 119
5 221
5 149
5 162
5 185
5 179
5 139
5 42
5 94
5 220
5 62
5 217
5 53
5 56
5 115
5 126
5 129
5 158
5 167
5 170
5 172
5 197
5 215
6 206
6 44
6 187
6 49
6 195
6 25
6 87
6 136
6 37
6 47
6 50
6 53
6 59
6 137
6 154
6 171
6 189
6 236
6 78
7 87
7 102
7 188
7 24
7 182
7 86
7 128
7 192
7 28
7 217
7 38
7 75
7 235
7 80
7 109
7 125
7 90
7 117
7 169
7 13
7 23
7 205
7 120
7 40
7 181
7 33
7 153
7 31
7 240
7 116
7 37
7 27
7 78
7 113
7 152
7 71
7 72
7 196
7 220
7 57
7 25
7 39
7 55
7 62
7 83
7 244
8 179
8 130
8 209
8 180
8 19
8 22
8 8
8 70
8 16
8 12
8 174
8 230
8 21
8 211
9 150
9 137
9 206
9 17
9 51
9 232
9 185
9 194
9 41
9 43
9 52
9 95
9 134
9 147
9 236
10 143
10 42
10 74
10 139
10 239
10 200
10 53
10 154
10 126
10 52
10 240
10 26
10 77
10 119
10 129
10 149
10 215
10 221
11 127
11 185
11 105
11 92
11 214
11 206
11 50
11 112
11 218
11 230
11 136
11 85
11 123
11 101
11 97
11 149
11 216
11 25
11 187
11 36
11 156
11 173
11 244
11 38
11 186
11 42
11 59
11 124
11 129
11 145
11 155
11 215
11 236
12 122
12 129
12 234
12 18
12 34
12 211
12 174
12 21
12 65
12 130
12 227
12 186
12 16
12 115
12 22
12 183
12 61
12 209
12 152
13 50
13 52
13 115
13 230
13 194
13 135
13 62
13 152
13 182
13 83
13 217
13 202
13 165
13 209
13 24
13 39
13 86
13 90
13 188
14 193
14 181
14 116
14 204
14 71
14 120
14 37
14 128
14 46
14 90
14 107
14 58
14 169
14 29
14 54
14 117
14 247
14 80
14 27
14 195
14 197
14 39
14 76
14 152
15 196
15 35
15 214
15 121
15 223
15 195
15 134
15 141
15 104
15 238
15 93
15 106
15 26
15 50
15 64
15 143
15 146
15 189
15 215
15 236
15 188
16 100
16 141
16 186
16 18
16 84
16 180
16 22
16 130
16 193
16 211
17 161
17 60
17 141
17 79
17 100
17 57
17 150
17 231
17 239
17 52
17 71
17 26
17 30
17 32
17 47
17 59
17 88
17 111
17 221
17 236
18 136
18 215
18 242
18 227
18 84
18 180
18 186
18 18
18 19
18 21
18 34
19 115
19 200
19 225
19 236
19 130
19 138
19 21
19 70
19 211
19 183
19 209
19 174
19 199
19 61
19 228
20 26
20 222
20 249
20 20
20 71
20 132
20 240
20 228
20 177
20 182
20 204
20 76
20 91
20 133
20 39
20 62
20 90
20 96
20 152
21 81
21 129
21 70
21 227
21 22
21 84
21 174
21 180
21 183
21 65
21 209
22 190
22 236
22 130
22 138
22 70
22 84
22 211
22 227
22 186
22 183
22 65
22 209
22 125
23 118
23 157
23 222
23 204
23 235
23 71
23 109
23 192
23 243
23 249
23 114
23 67
23 28
23 62
23 90
23 96
23 152
24 69
24 188
24 177
24 54
24 62
24 58
24 165
24 65
24 76
24 113
24 125
24 152
24 248
25 195
25 101
25 99
25 68
25 45
25 53
25 83
25 26
25 50
25 63
25 94
25 100
25 110
25 129
25 197
25 218
25 236
25 183
26 203
26 172
26 108
26 220
26 127
26 162
26 207
26 246
26 150
26 131
26 163
26 110
26 198
26 210
26 60
26 99
26 144
26 184
26 126
26 30
26 129
26 43
26 179
26 229
26 242
26 53
26 92
26 67
26 59
26 147
26 175
26 112
26 74
26 121
26 143
26 164
26 212
26 100
26 134
26 178
26 156
26 48
26 195
26 155
26 149
26 36
26 167
26 82
26 123
26 232
26 200
26 119
26 196
26 42
26 133
26 206
26 151
26 219
26 189
26 40
26 128
26 76
26 177
26 138
26 69
26 32
26 63
26 87
26 93
26 154
26 215
26 218
26 236
26 61
27 129
27 134
27 189
27 236
27 71
27 165
27 78
27 249
27 96
27 202
27 117
27 27
27 221
27 33
27 109
27 166
28 47
28 112
28 195
28 160
28 31
28 228
28 243
28 37
28 203
28 39
28 58
28 80
28 83
28 103
28 152
29 172
29 83
29 177
29 62
29 160
29 249
29 152
29 209
29 33
29 113
29 116
30 196
30 246
30 123
30 218
30 203
30 98
30 52
30 135
30 53
30 56
30 57
30 87
30 97
30 101
30 136
30 172
30 215
30 219
30 230
30 244
31 52
31 101
31 146
31 184
31 189
31 195
31 196
31 218
31 225
31 237
31 46
31 62
31 75
31 86
31 91
31 152
32 108
32 190
32 136
32 210
32 50
32 155
32 175
32 104
32 59
32 98
32 74
32 135
32 174
32 45
32 49
32 110
32 118
32 141
32 154
32 215
32 222
32 236
32 80
33 56
33 221
33 231
33 90
33 132
33 119
33 39
33 62
33 83
33 116
33 135
33 152
33 192
33 240
34 101
34 139
34 206
34 180
34 130
34 174
34 195
34 61
34 84
34 152
35 229
35 115
35 133
35 179
35 195
35 175
35 43
35 170
35 221
35 139
35 212
35 98
35 111
35 230
35 51
35 134
35 150
35 236
35 123
35 223
35 160
35 194
35 57
35 82
35 105
35 154
35 157
35 172
35 215
36 48
36 131
36 79
36 85
36 89
36 198
36 189
36 227
36 47
36 139
36 147
36 158
36 167
36 184
36 215
36 234
36 236
37 119
37 197
37 245
37 188
37 55
37 75
37 238
37 39
37 46
37 58
37 62
37 152
37 247
37 248
38 99
38 104
38 118
38 127
38 116
38 205
38 174
38 62
38 135
38 152
38 228
39 170
39 207
39 65
39 75
39 55
39 166
39 62
39 106
39 109
39 90
39 202
39 132
39 46
39 248
39 228
39 165
39 71
39 117
39 54
39 125
39 194
39 102
39 114
39 177
39 247
39 76
39 181
39 153
39 204
39 249
39 240
39 69
39 217
39 172
39 134
39 137
39 43
39 74
39 83
39 135
39 152
39 160
40 134
40 149
40 163
40 46
40 40
40 171
40 83
40 152
40 248
41 200
41 191
41 121
41 115
41 101
41 164
41 167
41 100
41 89
41 227
41 56
41 60
41 77
41 88
41 108
41 124
41 158
41 170
41 198
41 215
41 236
42 104
42 142
42 224
42 108
42 236
42 150
42 212
42 146
42 85
42 126
42 158
42 174
42 61
42 52
42 56
42 66
42 97
42 115
42 163
42 196
42 200
42 207
42 215
43 67
43 137
43 189
43 184
43 196
43 181
43 50
43 56
43 115
43 141
43 143
43 197
43 215
43 218
43 219
43 236
43 241
44 60
44 175
44 220
44 126
44 68
44 147
44 44
44 232
44 96
44 56
44 63
44 95
44 129
44 140
44 154
44 164
44 170
44 176
44 179
44 218
44 241
44 160
45 172
45 176
45 82
45 242
45 67
45 151
45 85
45 210
45 119
45 124
45 233
45 138
45 47
45 50
45 51
45 87
45 98
45 167
45 215
45 236
46 136
46 139
46 140
46 180
46 243
46 192
46 83
46 153
46 165
46 182
46 107
46 76
46 46
46 177
46 249
46 112
46 189
46 117
46 125
47 154
47 139
47 208
47 201
47 115
47 239
47 49
47 236
47 203
47 219
47 149
47 110
47 238
47 99
47 68
47 129
47 141
47 184
47 200
47 215
47 240
48 178
48 236
48 133
48 104
48 66
48 163
48 80
48 115
48 129
48 148
48 157
48 170
48 171
48 207
49 222
49 99
49 57
49 51
49 69
49 82
49 198
49 215
49 225
49 236
49 130
49 62
50 126
50 171
50 178
50 224
50 141
50 245
50 176
50 203
50 134
50 85
50 74
50 214
50 210
50 67
50 124
50 68
50 193
50 51
50 59
50 155
50 104
50 119
50 191
50 88
50 81
50 201
50 129
50 131
50 212
50 100
50 216
50 165
50 91
50 78
50 56
50 63
50 82
50 118
50 154
50 161
50 189
50 207
50 225
50 236
51 68
51 87
51 52
51 218
51 165
51 56
51 115
51 122
51 151
51 176
51 179
51 215
51 231
51 236
52 108
52 118
52 121
52 64
52 193
52 60
52 163
52 59
52 203
52 87
52 201
52 233
52 154
52 178
52 66
52 229
52 207
52 147
52 212
52 220
52 112
52 150
52 231
52 149
52 137
52 225
52 214
52 157
52 136
52 93
52 63
52 126
52 182
52 186
52 56
52 95
52 173
52 215
53 73
53 127
53 156
53 126
53 188
53 56
53 60
53 82
53 101
53 143
53 146
53 154
53 159
53 207
53 236
54 77
54 121
54 159
54 163
54 202
54 83
54 97
54 62
54 78
54 103
54 152
54 205
55 151
55 170
55 208
55 218
55 248
55 80
55 177
55 122
55 62
55 125
55 152
55 160
55 168
55 188
55 192
55 205
55 244
56 170
56 206
56 220
56 171
56 111
56 232
56 172
56 112
56 238
56 214
56 187
56 145
56 149
56 129
56 100
56 110
56 175
56 85
56 93
56 241
56 123
56 66
56 151
56 73
56 201
56 143
56 162
56 105
56 94
56 230
56 224
56 213
56 182
56 186
56 240
56 107
56 81
56 104
56 141
56 179
56 215
56 236
57 242
57 199
57 99
57 124
57 151
57 152
57 108
57 115
57 129
57 154
57 167
57 196
57 207
57 215
57 236
57 246
58 154
58 166
58 153
58 102
58 103
58 76
58 169
58 165
58 141
58 96
58 135
58 188
59 185
59 118
59 220
59 88
59 127
59 142
59 232
59 106
59 227
59 95
59 100
59 112
59 129
59 140
59 141
59 155
59 179
59 200
59 207
59 215
59 236
60 171
60 141
60 190
60 200
60 79
60 138
60 77
60 92
60 119
60 176
60 179
60 215
60 225
60 236
61 105
61 138
61 183
61 227
61 61
61 211
62 141
62 154
62 155
62 218
62 80
62 62
62 102
62 182
62 120
62 247
62 168
62 204
62 240
62 244
62 76
62 83
62 75
62 90
62 160
62 91
62 135
62 152
62 169
62 128
62 243
62 249
62 116
62 228
62 114
62 69
62 181
62 125
62 248
62 101
62 68
62 156
62 95
62 84
62 72
62 113
62 153
62 188
63 155
63 189
63 197
63 231
63 92
63 145
63 112
63 191
63 89
63 144
63 236
63 249
63 183
63 129
63 147
63 154
63 164
63 207
63 215
63 230
63 246
64 223
64 124
64 190
64 191
64 118
64 83
64 111
64 134
64 154
64 207
64 218
64 236
65 98
65 137
65 147
65 215
65 130
65 138
65 183
65 209
65 84
66 229
66 237
66 131
66 203
66 69
66 77
66 115
66 154
66 158
66 167
66 215
66 222
66 236
66 246
67 191
67 126
67 133
67 172
67 235
67 81
67 87
67 129
67 197
67 215
67 222
67 236
68 223
68 82
68 148
68 182
68 94
68 134
68 142
68 163
68 172
68 197
68 198
68 215
68 236
68 237
69 95
69 112
69 154
69 215
69 113
69 116
69 181
69 205
70 89
70 156
70 171
70 215
70 236
70 183
70 70
70 188
70 84
70 211
70 160
71 129
71 179
71 224
71 108
71 116
71 152
71 153
71 244
72 218
72 241
72 109
72 102
72 86
72 235
72 152
72 206
72 125
72 160
73 154
73 212
73 81
73 73
73 97
73 155
73 223
73 229
73 160
73 87
73 93
73 148
73 170
73 179
73 189
73 197
73 207
73 215
73 218
73 236
73 242
73 174
74 230
74 121
74 184
74 143
74 165
74 146
74 154
74 170
74 172
74 207
74 215
74 221
74 222
74 236
74 181
75 82
75 94
75 110
75 107
75 185
75 125
75 135
75 152
75 205
76 77
76 219
76 78
76 125
76 228
76 244
76 152
76 96
76 204
76 235
76 194
76 113
76 106
76 120
76 202
76 176
76 174
76 140
76 114
76 205
77 215
77 134
77 179
77 208
77 131
77 193
77 115
77 206
77 133
77 100
77 129
77 136
77 147
77 173
77 197
77 207
77 236
78 115
78 203
78 177
78 202
78 204
78 102
78 109
78 116
78 125
78 152
79 215
79 223
79 216
79 119
79 88
79 144
79 222
79 101
79 167
79 219
79 177
79 92
79 97
79 141
79 147
79 171
79 207
79 218
79 236
80 129
80 179
80 215
80 233
80 188
80 132
80 117
80 142
80 135
80 152
80 192
81 191
81 93
81 140
81 134
81 131
81 149
81 89
81 190
81 161
81 144
81 226
81 201
81 224
81 229
81 214
81 233
81 184
81 148
81 167
81 133
81 146
81 155
81 145
81 99
81 119
81 215
81 225
81 150
81 136
81 163
81 196
81 181
81 165
81 180
81 87
81 115
81 147
81 195
81 207
81 236
81 153
81 168
81 243
82 156
82 193
82 129
82 220
82 145
82 98
82 115
82 96
82 99
82 154
82 161
82 172
82 195
82 197
82 215
82 236
83 167
83 109
83 177
83 117
83 203
83 238
83 103
83 107
83 135
84 186
84 185
85 155
85 173
85 99
85 141
85 118
85 128
85 93
85 127
85 129
85 136
85 140
85 154
85 163
85 178
85 193
85 215
85 222
85 236
86 194
86 91
86 181
86 103
86 118
86 106
86 107
86 125
86 152
86 168
86 205
87 151
87 219
87 157
87 199
87 246
87 159
87 237
87 111
87 208
87 150
87 232
87 153
87 118
87 129
87 215
88 238
88 89
88 155
88 164
88 120
88 108
88 111
88 129
88 134
88 158
88 207
88 221
88 91
89 129
89 215
89 245
89 92
89 94
89 99
89 115
89 207
89 236
90 137
90 207
90 127
90 114
90 125
91 196
91 207
91 246
91 177
91 247
91 106
91 135
91 152
91 205
92 187
92 101
92 147
92 148
92 103
92 129
92 131
92 170
92 172
92 190
92 203
92 207
92 215
92 236
93 214
93 202
93 94
93 129
93 215
93 152
94 157
94 118
94 95
94 99
94 101
94 105
94 110
94 127
94 129
94 171
94 207
94 215
95 190
95 212
95 196
95 139
95 124
95 162
95 123
95 101
95 127
95 158
95 164
95 99
95 155
95 171
95 130
95 105
95 112
95 141
95 173
95 197
95 116
96 191
96 207
96 202
96 177
96 169
96 166
96 240
96 243
96 132
96 186
96 129
96 106
96 125
96 152
97 245
97 171
97 97
97 108
97 184
97 249
97 99
97 170
97 207
98 115
98 148
98 162
98 171
98 222
98 110
98 154
98 179
98 207
98 215
98 234
98 236
98 249
99 162
99 163
99 167
99 201
99 238
99 216
99 225
99 182
99 122
99 189
99 215
99 236
100 121
100 124
100 147
100 170
100 195
101 146
101 233
101 122
101 220
101 123
101 139
101 140
101 149
101 232
101 207
101 215
101 203
101 108
101 110
101 121
101 141
101 170
101 236
102 142
102 236
102 192
102 190
102 166
102 244
103 204
103 113
103 168
103 132
103 169
103 150
103 106
103 152
103 166
104 242
104 124
104 200
104 122
104 129
104 141
104 146
104 172
104 207
104 231
104 236
104 244
105 146
105 214
105 216
105 233
105 226
105 142
105 207
105 190
105 194
105 112
105 161
105 215
105 236
105 242
105 247
106 173
106 120
106 235
106 182
106 217
106 205
106 142
106 152
107 158
107 207
107 210
107 152
107 169
107 177
107 160
107 243
107 166
107 241
107 196
107 153
107 188
107 192
108 133
108 237
108 156
108 244
108 110
108 118
108 129
108 167
108 189
108 207
108 215
108 218
109 184
109 198
109 218
109 235
109 199
109 116
109 117
109 135
109 152
110 156
110 233
110 199
110 195
110 151
110 201
110 221
110 191
110 178
110 186
110 129
110 163
110 215
110 236
110 152
111 126
111 226
111 166
111 123
111 154
111 179
111 189
111 215
111 218
111 219
112 196
112 136
112 197
112 119
112 216
112 162
112 115
112 207
112 215
112 236
113 236
113 160
113 194
113 169
113 177
113 148
113 132
113 135
113 152
114 213
114 236
114 169
114 182
114 243
114 194
114 140
114 152
114 181
114 248
115 219
115 196
115 133
115 242
115 233
115 140
115 234
115 214
115 239
115 157
115 145
115 150
115 163
115 206
115 175
115 182
115 151
115 170
115 172
115 195
115 207
115 225
115 236
116 147
116 170
116 249
116 120
116 128
116 168
116 160
116 125
116 152
116 116
116 166
116 188
116 240
117 153
117 166
117 244
118 175
118 185
118 119
118 216
118 137
118 200
118 225
118 158
118 179
118 203
118 207
118 218
118 236
118 245
119 148
119 139
119 119
119 212
119 154
119 157
119 197
119 210
119 183
119 171
119 190
119 203
119 207
119 215
119 246
120 207
120 189
120 135
120 160
121 233
121 190
121 139
121 158
121 199
121 207
121 130
121 123
121 141
121 154
121 155
121 163
121 195
121 215
121 236
121 246
122 172
122 197
122 233
122 199
122 151
122 242
122 193
122 218
122 225
122 136
122 147
122 207
122 215
122 222
122 236
123 173
123 155
123 125
123 170
123 215
123 218
123 221
123 222
123 236
123 237
124 194
124 137
124 146
124 154
124 170
124 215
124 225
124 211
125 135
125 128
125 244
125 228
125 202
125 182
125 166
125 169
125 175
125 203
125 152
125 153
126 164
126 237
126 246
126 169
126 129
126 178
126 198
126 207
126 215
126 236
127 159
127 173
127 193
127 129
127 137
127 139
127 147
127 171
127 176
127 207
127 215
127 236
128 158
128 175
128 215
128 245
128 135
128 192
128 205
129 246
129 161
129 197
129 164
129 212
129 221
129 178
129 185
129 191
129 129
129 158
129 198
129 237
129 223
129 229
129 141
129 225
129 134
129 210
129 162
129 145
129 245
129 213
129 156
129 184
129 224
129 159
129 218
129 230
129 144
129 199
129 232
129 226
129 235
129 247
129 163
129 222
130 236
130 211
130 209
130 227
131 175
131 215
131 236
131 190
131 138
131 136
131 140
131 200
132 203
132 215
132 220
132 152
132 228
133 137
133 136
133 145
133 244
133 147
133 154
133 207
133 215
133 236
133 192
134 175
134 203
134 139
134 150
134 224
134 158
134 170
134 176
134 215
134 236
135 141
135 149
135 235
135 248
135 165
135 204
135 249
135 169
135 194
135 179
135 246
135 221
135 152
135 244
136 232
136 215
136 141
136 143
136 146
136 207
136 218
136 231
136 236
137 162
137 214
137 226
137 225
137 190
137 213
137 140
137 151
137 207
137 215
137 236
138 170
138 231
138 209
138 139
139 231
139 218
139 215
139 154
139 155
139 189
140 193
140 203
140 220
140 173
140 158
140 170
140 172
140 184
140 200
140 218
141 200
141 155
141 223
141 145
141 156
141 212
141 207
141 195
141 149
141 224
141 175
141 142
141 234
141 147
141 177
141 164
141 170
141 179
141 215
141 218
141 221
141 236
141 246
142 146
142 159
142 155
142 246
142 145
142 215
142 222
142 241
143 215
143 212
143 227
143 207
143 222
143 236
143 241
144 221
144 236
144 185
144 194
144 149
144 154
144 163
144 203
144 215
145 148
145 160
145 179
146 208
146 150
146 204
146 189
146 215
146 236
147 220
147 179
147 229
147 164
147 218
147 242
147 207
147 199
147 214
147 160
147 149
147 172
147 215
147 236
148 170
148 154
148 240
148 215
148 218
149 218
149 154
149 199
149 158
149 179
150 151
150 155
150 158
150 200
150 207
150 215
150 218
150 225
150 236
151 162
151 185
151 157
151 164
151 170
151 198
151 207
151 236
151 241
152 181
152 243
152 169
152 194
152 182
152 192
152 160
152 152
152 168
152 240
152 249
152 247
152 223
152 244
153 215
153 205
153 217
153 248
153 168
154 236
154 189
154 172
154 239
154 184
154 231
154 225
154 212
154 173
154 179
154 210
154 163
154 176
154 243
154 204
154 170
155 226
155 216
155 156
155 175
155 236
155 204
155 247
155 163
155 207
155 215
155 222
155 246
156 215
157 236
157 179
157 207
157 215
158 223
158 241
158 158
158 213
158 215
158 236
158 175
158 207
158 246
159 171
159 162
159 163
159 221
159 224
159 236
160 198
160 221
160 236
160 181
160 165
160 244
160 184
160 188
161 222
161 163
161 202
161 179
161 207
161 215
161 218
162 196
162 215
162 225
162 236
162 246
163 170
163 216
163 226
163 198
163 223
163 196
163 200
163 191
163 208
163 193
163 241
163 225
163 221
163 166
163 172
163 178
163 179
163 207
163 215
163 181
164 205
164 184
164 198
164 215
164 236
166 221
166 188
167 179
167 215
167 239
167 232
167 176
167 216
167 220
167 187
167 177
167 207
167 236
168 215
168 244
169 207
169 188
170 190
170 242
170 212
170 220
170 232
170 195
170 172
170 239
170 226
170 210
170 179
170 215
170 236
171 208
171 187
171 241
171 203
171 204
171 190
171 196
171 215
171 236
172 222
172 190
172 188
172 182
172 179
172 230
173 197
173 230
173 232
173 246
173 227
173 198
173 207
173 222
173 236
174 178
174 227
175 225
175 178
175 207
175 215
175 219
175 236
176 188
176 207
176 215
176 218
176 231
176 236
177 236
177 244
178 229
178 203
178 215
178 218
178 222
178 234
178 236
178 237
179 220
179 218
179 239
179 241
179 206
179 215
179 236
179 242
180 190
180 215
180 180
180 186
180 183
180 209
180 211
181 192
181 181
181 217
181 248
182 207
182 205
183 227
183 209
183 211
184 218
184 236
184 199
184 193
184 207
184 215
185 215
185 236
185 188
186 236
186 245
186 211
187 234
187 238
187 207
187 215
188 200
188 205
188 248
188 243
188 244
189 216
189 195
189 229
189 213
189 219
189 201
189 245
189 235
189 207
189 225
189 230
190 212
190 195
190 199
190 236
191 215
191 219
191 245
192 247
192 249
192 240
193 215
193 225
193 236
193 242
195 237
195 239
195 201
195 212
195 197
195 207
195 215
195 222
195 225
195 234
195 236
196 196
196 207
196 215
196 236
197 199
197 220
197 213
197 208
197 202
197 236
197 237
198 207
198 212
198 234
198 238
198 223
199 200
199 215
199 222
199 236
200 234
200 206
200 207
200 215
200 236
201 236
201 248
202 215
202 242
202 246
203 242
203 207
203 215
203 236
204 244
205 215
205 217
205 235
205 211
205 231
206 207
206 215
206 218
206 245
207 234
207 238
207 222
207 246
207 221
207 213
207 225
207 223
207 245
207 218
207 226
207 239
207 214
207 208
207 229
207 232
207 237
207 227
207 236
208 226
208 215
208 218
208 236
209 211
209 227
209 243
210 215
210 218
210 222
210 236
210 241
212 215
212 221
212 225
213 215
213 224
213 241
214 215
214 222
215 220
215 229
215 225
215 222
215 241
215 246
215 233
215 219
215 218
215 221
215 216
215 236
215 242
215 237
215 223
215 238
215 239
215 215
215 217
215 231
215 249
217 236
218 218
218 242
218 223
218 231
218 226
218 225
218 236
219 236
220 234
220 236
221 236
222 245
222 229
222 232
222 236
222 227
222 246
224 225
224 236
225 237
225 238
225 248
225 230
226 236
228 241
229 246
231 233
232 236
233 236
234 236
235 236
236 242
236 239
236 238
236 245
236 241
245 245
247 249