117 200 0.1804
117 257 0.1474
117 181 0.0332
117 151 0.0416
117 161 0.0676
46 117 0.1828
117 143 0.1231
117 262 0.1733
117 300 0.1366
117 220 0.0745
117 320 0.2510
117 202 0.1788
64 117 0.1800
117 305 0.1514
117 296 0.1305
117 252 0.1720
117 182 0.1744
117 306 0.1508
117 168 0.1640
117 215 0.0686
117 211 0.0769
117 273 0.1504
91 117 0.0611
67 117 0.1008
90 117 0.0532
117 124 0.0839
117 188 0.0379
117 304 0.1419
117 201 0.0688
117 221 0.0622
79 117 0.0910
117 272 0.1001
117 249 0.1652
117 125 0.0085
117 203 0.0600
117 126 0.0212
117 185 0.0471
117 147 0.0155
117 128 0.0704
75 117 0.0797
77 117 0.0298
117 162 0.0223
69 117 0.0289
113 117 0.0065
76 117 0.0195
117 260 0.0985
247 260 0.1093
200 260 0.1367
149 260 0.1396
260 310 0.1090
145 260 0.1400
146 260 0.1383
257 260 0.0765
111 260 0.1131
260 312 0.3292
181 260 0.0655
66 260 0.1162
218 260 0.0972
260 298 0.0907
151 260 0.1122
260 292 0.0291
161 260 0.1295
46 260 0.1894
143 260 0.1071
260 262 0.1026
260 300 0.0876
176 260 0.1152
220 260 0.0972
260 309 0.1079
231 260 0.0414
260 320 0.2098
260 295 0.0323
122 260 0.0973
171 260 0.0623
260 291 0.0442
202 260 0.1338
64 260 0.1779
166 260 0.0851
260 305 0.1047
196 260 0.1363
260 296 0.0329
245 260 0.1053
252 260 0.1064
93 260 0.1068
182 260 0.1369
260 306 0.0987
260 275 0.0487
224 260 0.0241
168 260 0.1319
215 260 0.0321
260 283 0.0815
211 260 0.1128
260 273 0.0712
188 260 0.0765
132 260 0.0806
238 260 0.0302
201 260 0.1097
217 260 0.0923
127 260 0.0844
250 260 0.1079
253 260 0.0255
260 274 0.0278
197 260 0.0455
221 260 0.0720
260 307 0.0638
260 272 0.0809
239 260 0.0549
212 260 0.1213
249 260 0.0996
260 285 0.0553
260 270 0.0358
260 280 0.0495
260 266 0.0169
241 260 0.1170
260 308 0.0645
205 260 0.0456
80 260 0.1239
219 260 0.0331
260 289 0.0363
260 265 0.0257
225 260 0.0271
260 269 0.0097
141 260 0.1219
240 260 0.0175
260 277 0.0280
260 278 0.0229
260 290 0.0328
246 260 0.0128
260 303 0.0526
183 260 0.0738
260 279 0.0176
152 260 0.0892
256 260 0.0164
260 268 0.0127
167 260 0.0818
117 254 0.0815
254 260 0.0646
247 254 0.1730
200 254 0.1969
149 254 0.0860
165 254 0.1195
254 310 0.0779
145 254 0.0868
108 254 0.1078
146 254 0.0852
254 257 0.1405
111 254 0.0821
254 312 0.3924
181 254 0.0574
66 254 0.1163
218 254 0.1582
254 298 0.0523
151 254 0.0688
254 292 0.0657
161 254 0.0757
46 254 0.2336
229 254 0.0232
178 254 0.0624
143 254 0.1560
254 262 0.1670
254 300 0.0551
173 254 0.0659
176 254 0.0618
220 254 0.0357
175 254 0.0516
254 309 0.0756
231 254 0.0313
130 254 0.0753
254 320 0.1729
254 295 0.0672
122 254 0.0796
216 254 0.0263
171 254 0.0752
254 291 0.0458
64 254 0.2254
166 254 0.0588
254 305 0.0701
254 296 0.0816
245 254 0.1689
118 254 0.0992
252 254 0.1703
93 254 0.0906
254 287 0.0748
160 254 0.0598
158 254 0.0612
254 306 0.0692
94 254 0.0934
254 275 0.1132
224 254 0.0691
215 254 0.0633
254 283 0.0332
211 254 0.0521
91 254 0.0998
90 254 0.0968
124 254 0.1017
254 255 0.0118
188 254 0.0438
132 254 0.0936
254 304 0.0605
238 254 0.0410
201 254 0.0517
217 254 0.0327
254 259 0.0234
156 254 0.0738
236 254 0.0165
221 254 0.0208
254 321 0.1767
248 254 0.0171
254 272 0.0219
254 297 0.0460
239 254 0.0152
254 286 0.0310
254 282 0.0453
254 285 0.0334
254 270 0.0315
191 254 0.0420
254 280 0.0342
254 299 0.0564
136 254 0.0702
254 266 0.0493
126 254 0.0760
233 254 0.0139
222 254 0.0196
131 254 0.0858
254 294 0.0394
214 254 0.0289
254 271 0.0163
128 254 0.0917
254 264 0.0111
254 265 0.0403
254 288 0.0334
183 254 0.1237
117 247 0.1733
200 247 0.0406
247 310 0.2091
247 257 0.0329
181 247 0.1500
66 247 0.1655
247 298 0.1961
151 247 0.2042
161 247 0.2270
46 247 0.1305
143 247 0.0731
247 262 0.0131
247 300 0.1914
231 247 0.1451
171 247 0.1310
247 291 0.1482
202 247 0.0373
64 247 0.1133
196 247 0.0410
247 252 0.0037
247 315 0.2303
93 247 0.1776
182 247 0.0483
244 247 0.0025
168 247 0.0536
247 273 0.0418
247 249 0.0097
241 247 0.0087
213 247 0.0308
247 330 0.5326
243 247 0.0048
167 247 0.0800
181 200 0.1634
143 200 0.0609
200 202 0.0033
196 200 0.0011
200 252 0.0441
182 200 0.0110
177 200 0.0171
184 200 0.0088
200 235 0.0278
117 149 0.0730
149 247 0.2360
149 200 0.2491
149 310 0.1456
145 149 0.0014
149 257 0.2065
149 181 0.0863
66 149 0.1069
149 218 0.2151
149 298 0.1227
149 151 0.0328
149 161 0.0104
46 149 0.2555
143 149 0.1945
149 262 0.2335
149 300 0.1289
149 220 0.0522
149 320 0.2158
149 291 0.1318
149 305 0.1371
149 211 0.0379
91 149 0.0264
90 149 0.0309
149 201 0.0349
149 321 0.2178
149 323 0.2193
117 165 0.0890
165 260 0.0770
165 247 0.0886
165 200 0.0914
149 165 0.1586
165 310 0.1832
145 165 0.1583
146 165 0.1567
165 257 0.0706
111 165 0.1121
165 312 0.3226
165 181 0.0746
66 165 0.0770
165 218 0.0631
165 298 0.1618
151 165 0.1258
165 292 0.1055
161 165 0.1510
46 165 0.1150
143 165 0.0374
165 262 0.0919
165 300 0.1603
165 176 0.1399
165 231 0.0883
165 295 0.1085
122 165 0.0894
165 171 0.0520
165 291 0.1196
165 202 0.0898
64 165 0.1059
165 166 0.0947
165 196 0.0905
165 296 0.1032
165 245 0.0847
165 252 0.0881
93 165 0.0917
165 182 0.0857
165 275 0.0766
165 224 0.0560
165 168 0.0758
165 215 0.0572
165 273 0.0794
132 165 0.0481
44 165 0.0988
127 165 0.0596
165 250 0.0883
165 197 0.0431
89 165 0.0855
165 212 0.0808
165 249 0.0821
129 165 0.0749
165 241 0.0917
74 165 0.1021
139 165 0.0426
81 165 0.0551
165 205 0.0634
147 165 0.0779
50 165 0.0796
80 165 0.0472
165 174 0.0195
49 165 0.0828
105 165 0.0500
40 165 0.0831
141 165 0.0564
165 183 0.0158
152 165 0.0137
165 167 0.0104
117 310 0.1594
200 310 0.2423
181 310 0.1340
66 310 0.1939
151 310 0.1404
161 310 0.1369
46 310 0.2976
262 310 0.1993
300 310 0.0237
220 310 0.0966
310 320 0.1011
291 310 0.0647
202 310 0.2392
305 310 0.0086
93 310 0.1684
310 321 0.1057
286 310 0.0486
310 323 0.1021
117 145 0.0724
145 310 0.1468
145 181 0.0862
66 145 0.1061
145 298 0.1238
145 151 0.0325
145 300 0.1300
145 220 0.0531
145 231 0.0987
122 145 0.0714
145 171 0.1071
145 291 0.1326
145 305 0.1383
118 145 0.0126
93 145 0.0745
145 306 0.1418
145 211 0.0390
91 145 0.0250
90 145 0.0296
145 188 0.0654
145 201 0.0358
79 145 0.0329
145 167 0.1686
108 117 0.0862
108 260 0.1605
108 247 0.2545
108 200 0.2655
108 149 0.0218
108 165 0.1744
108 310 0.1652
108 145 0.0211
108 146 0.0227
108 257 0.2256
108 111 0.0629
108 181 0.1045
66 108 0.1156
108 218 0.2328
108 298 0.1431
108 151 0.0503
108 292 0.1714
108 161 0.0321
46 108 0.2658
108 229 0.0851
108 178 0.0455
108 143 0.2092
108 300 0.1495
108 173 0.0420
108 176 0.0464
108 220 0.0736
108 175 0.0765
108 309 0.1625
108 231 0.1193
108 130 0.0560
108 320 0.2300
108 202 0.2638
108 166 0.0819
108 305 0.1568
93 108 0.0863
108 160 0.0713
108 158 0.0647
108 306 0.1608
94 108 0.0398
108 211 0.0586
91 108 0.0270
90 108 0.0348
108 201 0.0565
79 108 0.0128
108 272 0.1108
117 146 0.0711
146 247 0.2344
146 200 0.2472
146 149 0.0020
146 310 0.1457
145 146 0.0017
146 257 0.2049
146 181 0.0845
66 146 0.1050
146 218 0.2134
146 298 0.1226
146 151 0.0310
146 292 0.1487
46 146 0.2535
146 300 0.1288
146 176 0.0237
146 220 0.0517
146 309 0.1430
146 231 0.0970
146 320 0.2166
122 146 0.0700
146 171 0.1055
146 291 0.1310
146 166 0.0625
146 305 0.1372
93 146 0.0733
146 306 0.1406
146 283 0.1047
146 211 0.0378
91 146 0.0251
90 146 0.0293
124 146 0.0171
146 304 0.1340
146 201 0.0344
146 217 0.0528
98 146 0.0616
146 321 0.2187
79 146 0.0344
142 146 0.0055
146 272 0.0893
95 146 0.0255
146 299 0.1247
146 152 0.1684
146 323 0.2201
200 257 0.0662
181 257 0.1214
151 257 0.1754
46 257 0.1437
143 257 0.0702
257 262 0.0271
202 257 0.0629
257 296 0.0784
252 257 0.0299
182 257 0.0701
168 257 0.0701
215 257 0.0862
257 273 0.0137
249 257 0.0232
257 263 0.0151
111 117 0.0233
111 247 0.1952
111 200 0.2035
111 149 0.0510
111 310 0.1577
111 145 0.0502
111 146 0.0490
111 257 0.1684
111 181 0.0487
66 111 0.0563
111 218 0.1723
111 298 0.1321
111 151 0.0229
111 292 0.1319
111 161 0.0470
46 111 0.2046
111 143 0.1464
111 262 0.1947
111 300 0.1362
111 176 0.0434
111 220 0.0649
111 309 0.1552
111 231 0.0764
111 295 0.1346
111 122 0.0228
111 171 0.0643
111 291 0.1220
111 202 0.2019
64 111 0.2025
111 166 0.0282
111 305 0.1493
111 252 0.1938
93 111 0.0242
111 306 0.1500
111 211 0.0626
91 111 0.0379
90 111 0.0302
111 124 0.0609
111 188 0.0405
111 304 0.1417
111 201 0.0545
98 111 0.0128
111 156 0.0387
89 111 0.0317
111 125 0.0159
111 135 0.0503
111 136 0.0151
70 111 0.0326
99 111 0.0083
83 111 0.0131
69 111 0.0267
117 312 0.4076
247 312 0.2347
200 312 0.2389
257 312 0.2609
181 312 0.3823
66 312 0.3992
218 312 0.2595
46 312 0.3086
262 312 0.2344
245 312 0.2387
312 315 0.0086
311 312 0.0096
312 328 0.3011
312 317 0.0179
312 318 0.0212
312 313 0.0045
312 330 0.3468
312 316 0.0071
312 325 0.0736
312 314 0.0072
181 300 0.1105
181 215 0.0373
181 273 0.1225
91 181 0.0837
181 221 0.0429
105 181 0.0465
159 181 0.0122
181 195 0.0133
66 117 0.0388
66 200 0.1639
66 257 0.1454
66 181 0.0604
66 151 0.0783
66 161 0.1033
46 66 0.1502
66 143 0.1033
66 262 0.1685
66 300 0.1705
66 291 0.1431
66 202 0.1630
64 66 0.1498
66 196 0.1629
66 245 0.1617
66 252 0.1651
66 182 0.1562
66 306 0.1847
66 273 0.1518
66 188 0.0745
66 132 0.0368
66 75 0.0508
66 77 0.0100
42 66 0.0364
117 218 0.1498
218 247 0.0263
200 218 0.0395
218 257 0.0299
181 218 0.1288
66 218 0.1399
218 298 0.1873
151 218 0.1828
161 218 0.2065
46 218 0.1144
143 218 0.0477
218 262 0.0336
218 300 0.1834
218 231 0.1286
122 218 0.1499
171 218 0.1085
202 218 0.0366
64 218 0.0984
196 218 0.0392
218 296 0.1056
218 245 0.0230
218 252 0.0268
93 218 0.1535
182 218 0.0412
168 218 0.0402
218 273 0.0436
132 218 0.1101
218 249 0.0227
117 298 0.1337
200 298 0.2268
298 310 0.0257
257 298 0.1635
181 298 0.1088
66 298 0.1685
151 298 0.1153
161 298 0.1136
143 298 0.1958
298 300 0.0076
220 298 0.0722
231 298 0.0771
298 320 0.1232
122 298 0.1317
291 298 0.0480
298 305 0.0178
93 298 0.1427
298 306 0.0182
91 298 0.1427
124 298 0.1366
298 304 0.0118
298 321 0.1274
272 298 0.0353
286 298 0.0244
285 298 0.0357
151 200 0.2163
151 181 0.0542
46 151 0.2244
151 262 0.2023
151 300 0.1202
151 220 0.0447
151 296 0.1400
151 182 0.2114
151 306 0.1335
91 151 0.0326
90 151 0.0283
124 151 0.0463
151 188 0.0357
151 304 0.1257
151 201 0.0321
151 221 0.0486
79 151 0.0588
125 151 0.0331
126 151 0.0210
151 214 0.0400
128 151 0.0327
151 155 0.0277
117 292 0.1207
247 292 0.1233
200 292 0.1558
292 310 0.0865
145 292 0.1503
257 292 0.0911
181 292 0.0876
66 292 0.1428
218 292 0.1165
292 298 0.0730
151 292 0.1265
161 292 0.1393
46 292 0.2160
143 292 0.1335
262 292 0.1143
292 300 0.0681
292 295 0.0032
171 292 0.0891
291 292 0.0259
202 292 0.1527
64 292 0.2037
166 292 0.1038
292 305 0.0838
292 296 0.0165
245 292 0.1198
252 292 0.1200
182 292 0.1575
292 306 0.0766
224 292 0.0530
215 292 0.0595
283 292 0.0698
273 292 0.0820
132 292 0.1082
292 304 0.0696
285 292 0.0419
280 292 0.0368
292 308 0.0393
289 292 0.0172
141 292 0.1469
161 200 0.2410
146 161 0.0095
161 257 0.1971
161 181 0.0777
151 161 0.0261
143 161 0.1873
161 300 0.1196
161 220 0.0423
161 320 0.2101
161 306 0.1317
91 161 0.0312
90 161 0.0334
124 161 0.0263
161 304 0.1249
161 201 0.0250
79 161 0.0440
161 272 0.0800
46 200 0.0938
46 181 0.1826
46 143 0.0825
46 202 0.0963
46 252 0.1334
46 182 0.0836
46 55 0.0122
46 73 0.0310
46 85 0.0555
117 229 0.0737
229 260 0.0849
229 247 0.1911
200 229 0.2122
149 229 0.0634
165 229 0.1295
229 310 0.0901
145 229 0.0642
146 229 0.0627
229 257 0.1591
111 229 0.0680
181 229 0.0586
66 229 0.1115
218 229 0.1744
229 298 0.0648
151 229 0.0505
229 292 0.0887
161 229 0.0532
46 229 0.2408
178 229 0.0401
229 262 0.1860
229 300 0.0697
176 229 0.0398
220 229 0.0127
175 229 0.0412
229 309 0.0875
229 231 0.0460
229 320 0.1774
171 229 0.0802
229 291 0.0688
166 229 0.0509
229 305 0.0816
229 296 0.1044
93 229 0.0819
160 229 0.0478
158 229 0.0468
229 306 0.0830
229 283 0.0453
211 229 0.0290
91 229 0.0793
90 229 0.0773
124 229 0.0789
188 229 0.0374
229 304 0.0751
229 238 0.0576
201 229 0.0287
217 229 0.0099
156 229 0.0521
229 236 0.0071
221 229 0.0165
142 229 0.0666
229 272 0.0295
229 297 0.0577
229 239 0.0301
229 286 0.0491
229 285 0.0553
229 280 0.0569
229 299 0.0680
203 229 0.0208
229 251 0.0179
185 229 0.0304
229 294 0.0532
214 229 0.0141
229 271 0.0393
229 234 0.0108
229 242 0.0179
229 237 0.0174
226 229 0.0170
117 178 0.0628
178 260 0.1167
149 178 0.0238
178 310 0.1259
145 178 0.0244
146 178 0.0229
111 178 0.0454
178 181 0.0678
66 178 0.1005
178 298 0.1019
151 178 0.0225
178 292 0.1260
161 178 0.0134
178 300 0.1077
178 220 0.0299
178 309 0.1232
178 231 0.0753
122 178 0.0613
171 178 0.0901
178 291 0.1082
166 178 0.0478
178 305 0.1173
93 178 0.0677
178 306 0.1201
91 178 0.0409
90 178 0.0408
124 178 0.0396
178 188 0.0448
178 217 0.0302
143 181 0.1118
143 252 0.0742
143 182 0.0529
143 215 0.0929
143 273 0.0830
85 143 0.0286
103 143 0.0206
200 262 0.0536
181 262 0.1482
46 262 0.1429
143 262 0.0813
202 262 0.0504
252 262 0.0097
182 262 0.0613
249 262 0.0109
117 173 0.0632
173 260 0.1198
173 247 0.2183
173 200 0.2332
149 173 0.0203
165 173 0.1438
173 310 0.1291
145 173 0.0209
146 173 0.0193
173 257 0.1882
111 173 0.0448
173 181 0.0698
66 173 0.1004
173 218 0.1982
173 298 0.1053
151 173 0.0221
173 292 0.1294
161 173 0.0099
173 229 0.0436
173 300 0.1111
173 220 0.0333
173 175 0.0407
173 309 0.1264
130 173 0.0340
173 320 0.2054
171 173 0.0919
173 291 0.1117
166 173 0.0493
173 305 0.1206
160 173 0.0390
158 173 0.0327
173 306 0.1234
173 283 0.0867
173 211 0.0219
91 173 0.0377
90 173 0.0380
124 173 0.0362
173 304 0.1164
173 201 0.0162
173 217 0.0338
142 173 0.0239
173 272 0.0712
173 203 0.0243
88 173 0.0386
117 176 0.0606
176 247 0.2139
176 200 0.2290
149 176 0.0247
176 310 0.1264
145 176 0.0253
176 257 0.1837
176 181 0.0657
66 176 0.0983
176 298 0.1023
151 176 0.0204
176 292 0.1250
161 176 0.0144
46 176 0.2424
176 178 0.0022
143 176 0.1767
176 262 0.2108
176 300 0.1079
173 176 0.0046
176 320 0.2044
176 291 0.1075
176 211 0.0206
90 176 0.0399
124 176 0.0406
176 201 0.0137
156 176 0.0125
79 176 0.0579
176 272 0.0678
95 176 0.0489
176 203 0.0200
140 176 0.0183
181 220 0.0650
220 300 0.0779
220 320 0.1789
220 306 0.0905
91 220 0.0704
90 220 0.0694
220 304 0.0832
201 220 0.0173
220 321 0.1818
220 272 0.0379
128 220 0.0589
117 175 0.0325
175 260 0.0862
175 247 0.1786
175 200 0.1925
149 175 0.0574
165 175 0.1032
175 310 0.1285
145 175 0.0574
146 175 0.0558
175 257 0.1493
111 175 0.0310
175 181 0.0291
66 175 0.0708
175 218 0.1579
175 298 0.1028
151 175 0.0265
161 175 0.0486
46 175 0.2078
175 178 0.0388
143 175 0.1401
175 262 0.1762
175 300 0.1064
175 220 0.0426
175 309 0.1261
175 231 0.0468
175 295 0.1048
171 175 0.0513
175 291 0.0911
64 175 0.2031
166 175 0.0105
175 305 0.1204
93 175 0.0408
175 306 0.1204
175 283 0.0831
175 211 0.0478
91 175 0.0584
90 175 0.0527
175 188 0.0100
175 304 0.1118
175 238 0.0564
175 201 0.0402
175 217 0.0371
98 175 0.0370
175 221 0.0311
79 175 0.0853
175 270 0.0701
175 191 0.0096
125 175 0.0268
136 175 0.0187
117 309 0.1570
149 309 0.1429
309 310 0.0027
145 309 0.1441
181 309 0.1319
66 309 0.1917
298 309 0.0234
151 309 0.1378
292 309 0.0860
161 309 0.1342
300 309 0.0219
176 309 0.1238
220 309 0.0940
231 309 0.0994
122 309 0.1551
291 309 0.0637
166 309 0.1341
305 309 0.0059
93 309 0.1661
306 309 0.0094
142 309 0.1452
301 309 0.0218
117 231 0.0670
200 231 0.1667
231 310 0.1013
231 257 0.1133
181 231 0.0355
66 231 0.0954
151 231 0.0719
161 231 0.0881
46 231 0.2028
231 300 0.0775
231 291 0.0483
231 296 0.0681
93 231 0.0762
231 306 0.0915
224 231 0.0389
215 231 0.0320
188 231 0.0369
132 231 0.0669
221 231 0.0314
231 284 0.0470
117 130 0.0313
130 260 0.1123
130 247 0.1993
130 200 0.2095
130 149 0.0418
130 165 0.1183
130 310 0.1494
130 145 0.0412
130 146 0.0398
130 257 0.1715
111 130 0.0108
130 181 0.0502
66 130 0.0667
130 218 0.1771
130 298 0.1240
130 151 0.0121
130 292 0.1290
130 161 0.0368
46 130 0.2139
130 229 0.0594
130 178 0.0346
130 300 0.1284
130 176 0.0325
130 220 0.0552
130 175 0.0267
130 309 0.1469
122 130 0.0302
130 171 0.0685
130 291 0.1172
130 166 0.0278
130 305 0.1410
93 130 0.0341
130 306 0.1421
124 130 0.0532
130 188 0.0367
130 304 0.1339
130 152 0.1295
181 320 0.2303
300 320 0.1240
320 321 0.0054
320 324 0.0094
117 295 0.1237
149 295 0.1517
295 310 0.0848
257 295 0.0926
181 295 0.0905
66 295 0.1460
231 295 0.0582
122 295 0.1222
291 295 0.0258
295 296 0.0162
224 295 0.0562
215 295 0.0627
274 295 0.0415
295 307 0.0349
122 181 0.0319
66 122 0.0406
122 151 0.0403
46 122 0.1841
122 300 0.1347
122 306 0.1489
122 272 0.0981
122 162 0.0210
122 301 0.1351
117 216 0.0562
216 260 0.0611
216 247 0.1628
200 216 0.1823
165 216 0.0991
216 310 0.1039
145 216 0.0790
108 216 0.0997
146 216 0.0773
216 257 0.1315
111 216 0.0606
181 216 0.0313
66 216 0.0900
216 218 0.1450
216 298 0.0784
151 216 0.0531
216 292 0.0734
161 216 0.0684
216 229 0.0305
178 216 0.0556
216 262 0.1586
216 300 0.0807
173 216 0.0587
216 220 0.0403
175 216 0.0297
216 309 0.1017
216 231 0.0197
130 216 0.0562
216 320 0.1991
216 295 0.0758
122 216 0.0544
171 216 0.0509
216 291 0.0614
166 216 0.0344
216 305 0.0963
216 296 0.0870
93 216 0.0655
158 216 0.0417
216 306 0.0950
216 283 0.0595
211 216 0.0539
188 216 0.0202
216 238 0.0312
201 216 0.0495
216 217 0.0344
216 221 0.0140
216 239 0.0142
216 282 0.0580
216 285 0.0541
216 270 0.0404
191 216 0.0211
125 216 0.0533
216 280 0.0525
117 171 0.0431
171 200 0.1417
171 257 0.1044
171 181 0.0228
66 171 0.0540
171 298 0.1243
151 171 0.0747
161 171 0.0994
46 171 0.1606
143 171 0.0890
171 262 0.1305
171 231 0.0472
122 171 0.0427
93 171 0.0492
171 224 0.0401
171 215 0.0302
132 171 0.0201
141 171 0.1083
117 291 0.1151
200 291 0.1790
181 291 0.0837
151 291 0.1126
161 291 0.1215
143 291 0.1512
291 300 0.0439
291 296 0.0420
181 202 0.1613
143 202 0.0603
202 252 0.0408
182 202 0.0129
202 250 0.0390
64 200 0.0761
64 257 0.1280
46 64 0.0178
64 143 0.0709
64 262 0.1259
64 202 0.0787
64 252 0.1163
64 182 0.0660
64 168 0.0600
58 64 0.0189
55 64 0.0141
64 73 0.0147
53 64 0.0301
64 65 0.0068
261 292 0.0285
261 295 0.0316
261 291 0.0433
261 296 0.0327
261 275 0.0495
224 261 0.0246
215 261 0.0324
238 261 0.0297
253 261 0.0265
261 274 0.0286
117 166 0.0231
166 247 0.1726
166 200 0.1848
149 166 0.0643
166 310 0.1365
145 166 0.0641
166 257 0.1441
166 181 0.0227
66 166 0.0607
166 218 0.1510
166 298 0.1108
151 166 0.0318
161 166 0.0563
166 300 0.1138
166 231 0.0484
122 166 0.0211
166 171 0.0431
166 291 0.0951
166 306 0.1280
166 188 0.0150
166 301 0.1143
181 305 0.1266
151 305 0.1319
161 305 0.1284
300 305 0.0175
220 305 0.0880
305 306 0.0086
117 196 0.1795
196 257 0.0662
46 196 0.0929
143 196 0.0599
196 262 0.0541
64 196 0.0752
196 245 0.0422
196 252 0.0445
182 196 0.0099
168 196 0.0211
196 249 0.0472
181 296 0.0973
143 296 0.1276
117 245 0.1691
200 245 0.0419
245 257 0.0290
181 245 0.1458
46 245 0.1301
143 245 0.0704
245 262 0.0128
202 245 0.0386
64 245 0.1131
245 252 0.0039
182 245 0.0489
168 245 0.0532
245 249 0.0059
117 232 0.1161
232 260 0.0529
232 254 0.1138
232 247 0.0609
200 232 0.0839
165 232 0.0461
232 257 0.0315
181 232 0.0901
66 232 0.1163
218 232 0.0446
151 232 0.1441
232 292 0.0750
143 232 0.0613
232 262 0.0581
175 232 0.1182
232 295 0.0773
232 261 0.0539
232 275 0.0309
232 273 0.0355
232 253 0.0277
232 274 0.0372
228 232 0.0251
141 232 0.0724
117 118 0.0775
118 260 0.1511
118 149 0.0136
118 310 0.1590
108 118 0.0095
118 146 0.0141
111 118 0.0544
118 181 0.0950
66 118 0.1082
118 298 0.1363
118 151 0.0408
118 161 0.0236
118 229 0.0768
118 178 0.0368
118 300 0.1425
118 173 0.0333
118 176 0.0375
118 220 0.0657
118 175 0.0670
118 309 0.1563
118 130 0.0470
118 320 0.2271
118 216 0.0904
118 305 0.1505
94 118 0.0323
91 118 0.0207
90 118 0.0278
181 252 0.1483
244 252 0.0056
200 315 0.2359
46 315 0.3074
313 315 0.0042
93 117 0.0093
93 200 0.1827
93 257 0.1528
93 181 0.0420
66 93 0.0327
93 151 0.0456
93 161 0.0709
46 93 0.1804
93 262 0.1782
93 300 0.1457
89 93 0.0075
76 93 0.0104
117 287 0.1222
260 287 0.0250
165 287 0.0977
257 287 0.0788
151 287 0.1319
287 292 0.0124
161 287 0.1465
229 287 0.0974
231 287 0.0600
287 295 0.0138
202 287 0.1407
261 287 0.0248
287 296 0.0083
275 287 0.0465
253 287 0.0384
274 287 0.0278
287 307 0.0389
117 160 0.0273
160 260 0.0936
160 247 0.1832
145 160 0.0533
146 160 0.0517
111 160 0.0225
160 181 0.0332
66 160 0.0661
160 298 0.1106
151 160 0.0211
160 161 0.0457
160 178 0.0378
160 300 0.1143
160 166 0.0108
160 188 0.0183
98 160 0.0293
125 160 0.0203
136 160 0.0114
99 160 0.0276
160 190 0.0245
92 160 0.0294
182 252 0.0516
117 158 0.0317
158 260 0.0990
158 247 0.1898
149 158 0.0468
158 165 0.1120
145 158 0.0466
146 158 0.0450
158 257 0.1610
111 158 0.0213
158 181 0.0398
66 158 0.0703
158 218 0.1685
158 298 0.1108
151 158 0.0144
158 292 0.1148
158 161 0.0390
158 178 0.0317
158 300 0.1149
158 175 0.0128
122 158 0.0300
158 166 0.0175
93 158 0.0380
158 160 0.0068
306 310 0.0103
181 306 0.1246
300 306 0.0142
304 306 0.0092
94 117 0.0476
94 149 0.0335
94 145 0.0323
94 146 0.0317
94 111 0.0245
66 94 0.0760
94 298 0.1392
94 151 0.0246
94 161 0.0343
94 229 0.0747
94 178 0.0399
94 173 0.0375
94 176 0.0387
94 220 0.0675
94 175 0.0479
94 130 0.0216
91 94 0.0135
90 94 0.0057
244 260 0.1093
200 244 0.0385
165 244 0.0869
244 257 0.0331
218 244 0.0243
46 244 0.1281
143 244 0.0708
244 262 0.0152
202 244 0.0353
64 244 0.1109
196 244 0.0389
244 245 0.0041
182 244 0.0461
212 244 0.0255
241 244 0.0078
117 275 0.1353
247 275 0.0645
200 275 0.0986
257 275 0.0327
218 275 0.0606
275 292 0.0588
262 275 0.0557
275 295 0.0601
275 296 0.0458
253 275 0.0292
274 275 0.0213
7 117 0.3655
7 247 0.3059
7 200 0.2654
7 111 0.3847
7 312 0.3829
7 66 0.3284
7 46 0.1926
7 143 0.2746
7 64 0.2040
7 25 0.0830
3 7 0.0365
7 12 0.0604
7 22 0.0478
2 7 0.0843
1 7 0.0866
4 7 0.0849
7 35 0.1093
7 15 0.0239
5 7 0.0683
7 34 0.0863
7 27 0.1099
7 29 0.0596
117 224 0.0800
224 257 0.0757
181 224 0.0489
143 224 0.0895
215 224 0.0116
141 224 0.1062
168 200 0.0222
46 168 0.0770
143 168 0.0416
168 262 0.0659
168 202 0.0232
168 182 0.0120
141 215 0.1105
117 283 0.1142
283 310 0.0455
145 283 0.1060
181 283 0.0904
283 298 0.0198
151 283 0.0958
161 283 0.0954
220 283 0.0535
283 305 0.0373
272 283 0.0158
283 285 0.0280
283 299 0.0235
181 211 0.0743
151 211 0.0400
161 211 0.0289
211 220 0.0164
130 211 0.0519
201 211 0.0082
228 273 0.0555
311 315 0.0180
67 108 0.0259
67 146 0.0478
67 124 0.0323
67 79 0.0134
67 95 0.0223
90 91 0.0080
124 220 0.0673
100 117 0.0722
100 254 0.1024
100 145 0.0189
100 111 0.0489
100 151 0.0392
100 161 0.0285
100 229 0.0807
100 178 0.0407
100 173 0.0372
100 220 0.0704
100 175 0.0657
94 100 0.0252
79 100 0.0198
100 128 0.0120
326 328 0.0163
328 329 0.0784
327 328 0.0070
117 255 0.0806
255 260 0.0528
181 255 0.0529
255 298 0.0563
151 255 0.0741
229 255 0.0335
175 255 0.0535
231 255 0.0218
255 295 0.0574
216 255 0.0245
255 291 0.0385
188 255 0.0444
239 255 0.0103
255 270 0.0208
255 266 0.0377
255 271 0.0122
181 188 0.0241
117 132 0.0412
132 257 0.1113
132 181 0.0373
132 151 0.0802
132 143 0.0821
132 139 0.0062
260 304 0.0905
304 310 0.0192
145 304 0.1353
181 304 0.1155
300 304 0.0055
247 317 0.2349
200 317 0.2421
315 317 0.0113
311 317 0.0272
181 238 0.0396
231 238 0.0118
215 238 0.0234
205 238 0.0247
201 203 0.0136
117 217 0.0693
145 217 0.0543
217 298 0.0735
151 217 0.0420
161 217 0.0433
176 217 0.0300
217 220 0.0062
203 217 0.0118
44 117 0.1602
44 200 0.0986
44 66 0.1266
44 46 0.0244
44 143 0.0712
44 64 0.0323
44 49 0.0187
44 45 0.0314
44 54 0.0299
44 57 0.0122
44 53 0.0086
117 127 0.0296
127 257 0.1214
127 181 0.0315
66 127 0.0321
127 151 0.0691
127 132 0.0116
127 141 0.1129
98 117 0.0149
66 98 0.0435
98 151 0.0354
98 166 0.0305
93 98 0.0121
200 250 0.0423
250 257 0.0314
196 250 0.0427
241 250 0.0104
117 259 0.0955
145 259 0.0815
146 259 0.0802
229 259 0.0226
178 259 0.0589
176 259 0.0592
220 259 0.0291
259 283 0.0245
259 272 0.0095
315 318 0.0133
317 318 0.0051
82 117 0.1450
82 247 0.0927
82 200 0.0649
82 165 0.0681
46 82 0.0483
82 143 0.0343
64 82 0.0378
44 82 0.0393
58 82 0.0297
82 84 0.0211
57 82 0.0271
82 85 0.0098
82 103 0.0136
53 82 0.0307
82 96 0.0195
117 156 0.0592
151 156 0.0178
156 220 0.0426
140 156 0.0083
117 180 0.0907
180 260 0.0687
165 180 0.0094
180 257 0.0634
180 181 0.0730
180 218 0.0593
143 180 0.0416
180 187 0.0050
145 236 0.0704
161 236 0.0593
220 236 0.0197
117 197 0.0637
197 257 0.0845
181 197 0.0375
197 218 0.0915
151 197 0.0917
197 231 0.0453
171 197 0.0209
197 215 0.0159
197 205 0.0210
141 197 0.0983
321 324 0.0061
117 142 0.0762
142 310 0.1479
142 298 0.1253
142 151 0.0364
142 161 0.0140
142 220 0.0552
142 305 0.1394
91 142 0.0269
142 169 0.0148
117 248 0.0842
146 248 0.0736
161 248 0.0641
229 248 0.0122
220 248 0.0219
217 248 0.0215
248 259 0.0113
89 117 0.0133
89 181 0.0422
66 89 0.0258
89 151 0.0528
72 89 0.0115
292 307 0.0378
296 307 0.0319
272 321 0.1556
146 297 0.1155
297 298 0.0072
220 297 0.0650
283 297 0.0130
297 299 0.0105
326 331 0.0013
117 239 0.0703
176 239 0.0627
231 239 0.0169
260 302 0.0490
292 302 0.0238
295 302 0.0212
212 247 0.0279
200 212 0.0157
143 212 0.0549
212 262 0.0407
196 212 0.0156
212 245 0.0282
212 252 0.0311
182 212 0.0208
168 212 0.0260
198 212 0.0103
204 212 0.0064
199 212 0.0093
286 300 0.0250
117 228 0.0955
228 260 0.0325
228 261 0.0335
228 253 0.0148
141 228 0.0895
200 249 0.0470
181 249 0.1413
143 249 0.0704
202 249 0.0436
249 273 0.0327
260 282 0.0375
282 292 0.0220
231 282 0.0435
270 282 0.0177
280 282 0.0149
266 282 0.0228
285 300 0.0337
117 148 0.0648
148 254 0.0811
111 148 0.0430
148 151 0.0244
148 229 0.0590
148 220 0.0487
148 156 0.0080
71 117 0.0788
71 145 0.0355
71 146 0.0365
71 151 0.0523
71 161 0.0452
71 176 0.0572
71 95 0.0171
270 280 0.0180
266 270 0.0191
117 119 0.0194
119 165 0.0700
119 257 0.1312
119 181 0.0307
66 119 0.0297
119 129 0.0073
105 119 0.0243
117 191 0.0412
181 191 0.0301
151 191 0.0323
188 191 0.0059
191 221 0.0215
191 203 0.0246
125 181 0.0349
280 285 0.0058
265 280 0.0261
104 181 0.0512
104 122 0.0248
104 166 0.0306
95 117 0.0844
95 151 0.0505
95 161 0.0351
108 169 0.0332
111 169 0.0519
151 169 0.0305
130 169 0.0415
124 169 0.0270
299 300 0.0097
220 299 0.0749
299 306 0.0160
117 135 0.0728
66 135 0.1058
135 151 0.0337
133 135 0.0046
117 138 0.0344
138 161 0.0331
138 229 0.0546
138 176 0.0277
138 166 0.0272
138 160 0.0171
136 138 0.0191
134 138 0.0050
117 136 0.0168
136 151 0.0257
125 136 0.0089
126 136 0.0092
266 280 0.0330
117 129 0.0142
129 257 0.1336
129 181 0.0258
129 147 0.0086
200 241 0.0331
223 241 0.0104
25 46 0.1216
25 32 0.0322
25 28 0.0131
25 30 0.0170
21 25 0.0281
229 233 0.0217
3 46 0.2109
3 25 0.0915
1 3 0.0515
0 3 0.0767
74 200 0.0622
46 74 0.0320
64 74 0.0143
74 107 0.0168
73 74 0.0106
74 150 0.0348
74 115 0.0202
74 86 0.0085
70 117 0.0240
66 70 0.0262
70 89 0.0143
56 70 0.0197
70 76 0.0053
61 165 0.0605
61 66 0.0786
61 143 0.0511
44 61 0.0490
49 61 0.0302
61 62 0.0133
45 61 0.0215
39 61 0.0377
54 61 0.0191
60 61 0.0201
149 324 0.2238
310 324 0.1105
146 324 0.2247
298 324 0.1326
220 324 0.1877
272 324 0.1612
99 117 0.0186
99 151 0.0312
99 136 0.0175
222 229 0.0084
151 251 0.0654
161 251 0.0621
220 251 0.0210
110 117 0.0123
110 111 0.0112
66 110 0.0465
110 151 0.0318
110 160 0.0233
70 110 0.0252
99 110 0.0071
131 151 0.0243
131 229 0.0643
131 173 0.0212
117 139 0.0464
139 181 0.0382
81 139 0.0261
105 139 0.0150
200 213 0.0103
81 117 0.0475
81 181 0.0564
66 81 0.0219
81 143 0.0821
81 129 0.0376
75 81 0.0325
151 185 0.0214
185 191 0.0156
83 117 0.0245
117 190 0.0376
181 190 0.0159
151 190 0.0439
166 190 0.0172
254 258 0.0128
229 258 0.0184
248 258 0.0070
258 272 0.0125
181 205 0.0211
147 181 0.0186
117 172 0.1001
172 260 0.0786
172 247 0.0774
165 172 0.0114
50 117 0.0655
50 66 0.0267
50 81 0.0319
271 282 0.0295
265 271 0.0289
217 234 0.0118
117 157 0.0186
157 181 0.0162
151 157 0.0412
157 160 0.0207
147 157 0.0094
157 170 0.0074
112 151 0.0271
112 173 0.0292
72 117 0.0220
72 93 0.0129
70 72 0.0030
68 72 0.0077
72 76 0.0026
161 242 0.0552
220 242 0.0159
116 151 0.0152
75 143 0.0551
46 58 0.0197
58 143 0.0638
44 58 0.0152
53 58 0.0113
92 117 0.0232
92 151 0.0297
92 99 0.0047
107 200 0.0455
64 107 0.0307
77 78 0.0063
109 151 0.0458
109 161 0.0286
151 209 0.0373
80 117 0.1173
80 143 0.0277
80 84 0.0069
49 66 0.1082
49 143 0.0596
223 260 0.1148
200 223 0.0268
182 223 0.0338
181 219 0.0327
189 229 0.0307
176 189 0.0092
189 201 0.0083
52 165 0.0701
52 66 0.0424
52 143 0.0809
52 81 0.0367
40 52 0.0145
62 165 0.0656
62 66 0.0918
62 143 0.0479
44 62 0.0370
49 62 0.0185
45 62 0.0163
54 62 0.0089
32 46 0.0895
28 32 0.0247
31 32 0.0113
51 66 0.0194
68 117 0.0283
68 70 0.0084
56 68 0.0198
84 260 0.1272
84 143 0.0261
84 96 0.0064
162 181 0.0110
260 293 0.0320
45 66 0.0958
45 143 0.0641
45 49 0.0149
45 54 0.0090
114 151 0.0233
102 114 0.0038
105 117 0.0434
81 105 0.0113
102 151 0.0271
38 46 0.0130
38 64 0.0306
38 141 0.0835
5 12 0.0143
6 12 0.0140
12 20 0.0098
12 17 0.0055
12 16 0.0060
11 12 0.0020
12 19 0.0112
12 18 0.0095
9 12 0.0023
8 12 0.0053
12 13 0.0009
12 14 0.0011
265 285 0.0315
265 270 0.0102
265 266 0.0091
181 225 0.0385
219 225 0.0064
78 117 0.0250
66 78 0.0138
207 257 0.0416
151 186 0.0235
43 66 0.0356
40 66 0.0522
200 227 0.0244
227 235 0.0033
260 281 0.0223
46 141 0.0714
141 143 0.0194
64 141 0.0572
44 141 0.0655
75 141 0.0717
120 141 0.0629
320 322 0.0061
97 143 0.0347
75 97 0.0204
7 26 0.0351
55 58 0.0078
39 143 0.0728
39 44 0.0180
39 49 0.0133
39 45 0.0167
39 54 0.0200
73 200 0.0637
41 46 0.0089
137 200 0.0333
137 182 0.0253
123 137 0.0076
150 200 0.0276
64 150 0.0485
65 150 0.0422
260 267 0.0143
117 153 0.0152
153 181 0.0180
153 163 0.0062
153 170 0.0128
192 200 0.0063
101 117 0.0236
101 181 0.0378
101 119 0.0073
101 106 0.0087
315 316 0.0028
313 316 0.0036
87 117 0.0142
28 46 0.1134
54 143 0.0556
49 54 0.0112
183 292 0.1008
230 257 0.0164
117 152 0.0994
152 247 0.0845
66 152 0.0829
152 292 0.1171
152 202 0.0806
2 4 0.0269
117 163 0.0211
163 181 0.0128
7 23 0.0414
22 23 0.0100
117 133 0.0768
260 276 0.0122
46 57 0.0288
57 64 0.0294
57 58 0.0107
55 57 0.0180
53 57 0.0036
179 181 0.0095
268 269 0.0035
56 117 0.0435
56 69 0.0199
46 53 0.0273
106 117 0.0149
46 47 0.0107
47 64 0.0212
47 48 0.0048
326 329 0.0935
44 60 0.0302
49 60 0.0123
60 62 0.0070
39 60 0.0242
54 60 0.0067
181 210 0.0181
181 208 0.0261
205 208 0.0058
326 327 0.0093
96 103 0.0105
117 154 0.0157
0 7 0.1026
0 1 0.0436
198 200 0.0072
121 162 0.0220
15 21 0.0311
117 144 0.0200
144 181 0.0198
129 144 0.0071
144 147 0.0074
64 115 0.0331
107 115 0.0062
73 115 0.0203
115 150 0.0159
65 115 0.0271
46 59 0.0242
59 64 0.0225
58 59 0.0046
55 59 0.0124
57 59 0.0069
53 59 0.0087
59 63 0.0048
48 59 0.0119
28 30 0.0125
30 31 0.0043
320 323 0.0050
64 86 0.0223
65 86 0.0156
193 220 0.0207
164 200 0.0210
129 159 0.0148
181 194 0.0118
154 170 0.0094
5 6 0.0197
6 7 0.0488
7 37 0.1622
35 37 0.0549
36 37 0.0478
24 25 0.0057
34 35 0.0232
27 34 0.0425
149 319 0.2143
310 319 0.0968
146 319 0.2151
319 323 0.0054
181 206 0.0151
194 206 0.0058
63 64 0.0191
58 63 0.0057
117 167 0.0993
167 257 0.0647
143 167 0.0280
200 204 0.0099
46 48 0.0154
48 55 0.0087
7 36 0.1999
7 33 0.0774
123 200 0.0408
16 18 0.0038
16 19 0.0053
18 19 0.0018
29 33 0.0184
9 11 0.0010
8 9 0.0030
8 11 0.0037
10 12 0.0033
9 10 0.0011
8 10 0.0022
314 315 0.0013
314 316 0.0022
